0101171 monument 415

111111 233’1111111111 176, 5.14.19.0111111118111117(111111 101, 21.
204,5. 10 Ι1101111( 148,.1.

254,16. 11111111 institutum ob 011111611150111.

Ιο11110111101111111111112550 011101111010161111116, 15. 0111

111111 11111111. praetor urbuuiu, 1111111111 qiimd vorioo populon 10,

1 Nom 1111111111 10,10. 11 1150111011110111
01111111010111145, 10. 14η111.1111101116,12. 111-
Cyclades 002, 22. 051, 10. 050, 18. tion 1016111161 20, 20.

61111111111110820. quintus 22, 1011111120, 9.
Cynosurida Annouhpiun 51111111 cenomannensis cuiusque

108, 11. turtius 01111111 111111111οω1-
cyprio 1110111111111111 dictu Vn· tuus 02, 9 16. 011 111111 cn·

111787. dontio 11111111 041,11. 0111
01111 111111 80,19. 80 20.111111911111178,18.91111111

51, 10. tauro 11811111 0. 91,9.
cyprin 11111111 putor 78, 21. 011 11 0111 60, 4nq. deorum 1111
cyno 1111111111 praetorio otpnotu genera 18,12. 011 1111111111

1178,2.205,15. (111 immortales monentes
Cyzici 11ρί1 01 1101111111 281,18010,.5 1116111101 ,1. 011
Dalmatio 90,16. hasien relinquente· 288,10.1
011111,11111111144,10. deorum volonum dominator un
Danubius ,.10 robus 1111111015, 10111101
011111Τ111111111274,21. 0111161161οω11110181821.
0111 urbo 221 19. 241, 9. diluviump m agnum 90, 9.
011οι1111 11 τῷ suoi 11110μό1 dimensionesagn corporum 19, 4.

56, 22. 01111111 01111111 74, 6.

011111 11, 1. Diocletianus 124, 19.226,12.
011117, 20. 27, 14. 011011118111111220,11.’ hono
Decobuiuo rex 01111111 192, 8. ndu α 6160101161 159,19.
December 1111111 109, 11. 0113111168, 20. Apolloniatum, 16. »
decomprimi 157, 20. 01 ogoninuun loxioognplm 125, 4.
0111111111 155, 20. quaro 111111 104,14.

146, 6. ι qun 1111111111 146 20. 0111178, 6. 79, 15.

1116111111 egone 147, 0. Dionysius 111101 nium 26, 22.
detentus 1161 111 1111111111101-011111114ὢ71.,58,22.

etun 281,18. 1101111611111-011110111

11111 luminum 11111111101284,20. dipondium 109, 16.
01116111601111111111159,9.11111110111111111111111 1111111-
1161101116,9.51,21.5’9,8.16. 111 nomo· 000, 21.

74, 9. 105, 21. 107, 18. 110, 8. discens 11111111 101, 16.

18111100111111 8111611746
0111101115218. domumqmbmobmmnigoetnmn.
Demosthenes 1111. pront886, 0. 0101111111 oenanthe 41,16. 56,4.
011110157μ111,49191,11.

0111)( 1111 06, 1. 011111 11111111 101,15.
0111111117,9.1(111111159,11. 0111011 1111111147, 8.
Deucalionouiu 0111111111 115, 16. 01011119, 8.
Dumium 84, 5. dominatio 125, 28.
0111111111 2020. 215, 21. dominun 125, 22.
Διακο (111181111111 24, 12. domitianus in. 59 18. 161, 5.
0111101111116111 10,11. 1011(- 184, 7. 20. 16, 12. 17.
trix praegnantium 114, 2. 111 061 {u 071111110111117,4.
,0911111010 1110. 6110101611.

0111111101. Tusci 857,1.01111 Murcum nngnnum 10 22. niun 1 ¹

01111111161266, 6. 11111141, 6.

1 01111111611 0111118111198, 17. (111111 11111111 1110111111 1111111611

0111161111 21, 14. 48, 8.

 

